1712 613
1712 465
1712 335
1712 642
1712 466
1712 63
1712 575
1712 468
1712 349
1712 145
1712 89
1712 591
1712 478
1712 123
1712 299
1712 101
1712 504
1712 163
1712 505
1712 219
1712 508
1712 275
1712 517
1712 207
1712 518
1712 235
1712 109
1712 509
1712 247
1712 147
1712 175
1712 593
1712 513
1712 431
1712 167
1712 616
1712 526
1712 233
1712 587
1712 171
1712 590
1712 467
1712 85
1712 486
1712 239
1712 528
1712 263
1712 607
1712 311
1712 640
1712 197
1712 267
1712 570
1712 496
1712 141
1712 377
1712 125
1712 379
1712 511
1712 205
1712 284
1712 296
1712 304
1712 312
1712 316
1712 322
1712 326
1712 332
1712 340
1712 344
1712 350
1712 352
1712 354
1712 356
1712 358
1712 360
1712 362
1712 368
1712 380
1712 382
1712 384
1712 388
1712 390
1712 396
1712 398
1712 400
1712 402
1712 404
1712 406
1712 408
1712 410
1712 412
1712 416
1712 418
1712 420
1712 422
1712 424
1712 428
1712 430
1712 432
1712 434
1712 98
1712 104
1712 100
1712 130
1712 158
1712 707
1712 547
1712 114
1712 663
1712 438
1712 90
1712 132
1712 693
1712 170
1712 676
1712 84
1712 532
1712 150
1712 238
1712 552
1712 288
1712 452
1712 224
1712 713
1712 252
1712 714
1712 258
1712 710
1712 282
1712 670
1712 286
1712 244
1712 685
1712 13
1712 254
1712 686
1712 14
1712 62
1712 668
1712 94
1712 655
1712 551
1712 218
1712 736
1712 366
1712 665
1712 451
1712 108
1712 328
1712 661
1712 290
1712 222
1712 701
1712 449
1712 226
1712 698
1712 274
1712 378
1712 292
1712 66
1712 338
1712 306
1712 300
1712 298
1712 726
1712 546
1712 174
1712 320
1712 348
1712 72
1712 200
1712 124
1712 324
1712 553
1712 192
